mse_static=5.22126352504982
mse_realtime=82.78607344719757
mae_static=1.864879751380014
mae_realtime=7.522167386391969
n_compare=300
